gene,pos,ZweiZ_num,ZweiZ_den,Z,Z_hits,hits,SNPs,top_candidate_p,expected_outliers,contig,env
C13792397,130.57142857142858,0.5040405648675278,0.28939014580019307,1.7417336843789362,0,0,7,1.0,2.0,C13792397,DD_0
C15381445,124.28571428571429,0.6686377042879666,0.3807438788387924,1.7561351382120813,0,0,7,1.0,2.0,C15381445,DD_0
C15886725,122.4,0.06170541449685138,0.3576881138835703,0.17251178359518224,0,0,5,1.0,2.0,C15886725,DD_0
C20107763,101.75,0.3784612692043412,0.43216262868431143,0.8757380765582156,0,0,8,1.0,2.0,C20107763,DD_0
C21997977,145.25,-0.4157768455061532,0.47951929813626704,-0.867070099414435,0,0,12,1.0,3.0,C21997977,DD_0
C22850013_1_250,64.6,0.6193296269654547,0.24665530565650587,2.510911432928745,0,0,5,1.0,2.0,C22850013_1_250,DD_0
C24254458,323.2,-0.6519121430751111,0.3325485016161142,-1.9603520686665503,0,0,5,1.0,2.0,C24254458,DD_0
C24276544,30.0,0.2622919147050065,0.3002526903012967,0.873570572979055,0,0,5,1.0,2.0,C24276544,DD_0
C24432054,283.3,2.6466903574862957,0.3433481381340089,7.708474471043416,1,6,10,2.0289394126000003e-10,3.0,C24432054,DD_0
C24594412_154_378,129.16666666666666,-0.7536404874489178,0.42468486963886776,-1.7745875620428355,0,0,6,1.0,2.0,C24594412_154_378,DD_0
C24820902,213.21428571428572,0.22994466355697435,0.47897617082497407,0.48007537235291814,0,0,14,1.0,3.0,C24820902,DD_0
C25382102,123.625,0.26193514283078134,0.3408326573144635,0.7685153907922365,0,0,8,1.0,2.0,C25382102,DD_0
C25409242,196.16666666666666,-0.0696671040920622,0.3905258508662191,-0.1783930665218057,0,0,6,1.0,2.0,C25409242,DD_0
C26062080,160.42857142857142,1.1428046424026346,0.37849793862618675,3.0193153668170822,0,0,7,1.0,2.0,C26062080,DD_0
C26207336,174.16666666666666,0.13803880775178662,0.2810137942872677,0.4912171948778991,0,0,6,1.0,2.0,C26207336,DD_0
C26348844,261.77777777777777,0.041538962227503154,0.24823947307192532,0.1673342346141203,0,0,9,1.0,2.0,C26348844,DD_0
C26663258,132.28571428571428,0.2167283204003316,0.2953501362330843,0.7338013219309776,0,0,7,1.0,2.0,C26663258,DD_0
C26760338,296.5,0.49126805510490806,0.3710432745911555,1.324018217676161,0,0,8,1.0,2.0,C26760338,DD_0
C26870990,225.07142857142858,0.6376254630301423,0.6891965135212926,0.9251722121639012,0,0,14,1.0,3.0,C26870990,DD_0
C26978162_270_468,155.8,-0.41166178244969537,0.26428936343503356,-1.557617669887378,0,0,5,1.0,2.0,C26978162_270_468,DD_0
C27124004,200.0,0.16437540415339483,0.3642803333334598,0.4512332649122912,0,0,5,1.0,2.0,C27124004,DD_0
C27144996,321.2,0.1557427627771476,0.3324581572147919,0.46845823872062964,0,0,5,1.0,2.0,C27144996,DD_0
C27462348,224.75,0.14016614070656908,0.5253690410748554,0.26679558509919504,0,0,12,1.0,3.0,C27462348,DD_0
C27559996,341.72727272727275,-1.1309656399265926,0.5943706590700322,-1.9027952047567942,0,0,11,1.0,3.0,C27559996,DD_0
C27602590_120_505,232.4375,-0.9540296102608916,0.7633380789613791,-1.2498126800630374,0,0,16,1.0,3.0,C27602590_120_505,DD_0
C27926932,153.2,0.2338802160047764,0.2746326022468042,0.8516112584280696,0,0,5,1.0,2.0,C27926932,DD_0
C28097482,150.2,-0.27796867523536734,0.39781060741274477,-0.6987462628088332,0,0,5,1.0,2.0,C28097482,DD_0
C28410264,170.5,0.12515523248883936,0.3639607488588288,0.3438701367695667,0,0,6,1.0,2.0,C28410264,DD_0
C28439482,389.6,0.0891871738971263,0.4091278070990614,0.21799342980256428,0,0,10,1.0,3.0,C28439482,DD_0
C28569734_195_584,58.5,-0.4410563234572923,0.48409064669860435,-0.9111027582648064,0,0,6,1.0,2.0,C28569734_195_584,DD_0
C28605368,303.2,0.07329857747902872,0.2644867239331902,0.2771351861787364,0,0,5,1.0,2.0,C28605368,DD_0
C28685926,201.8,-0.07453189441320048,0.26631074569569574,-0.2798681450817818,0,0,5,1.0,2.0,C28685926,DD_0
C28688400,423.3125,-0.5320856335086827,0.6225073617508743,-0.8547459294491393,0,0,16,1.0,3.0,C28688400,DD_0
C28830182_1_486,117.71428571428571,0.12785009577319012,0.41137955113183816,0.3107837893775545,0,0,7,1.0,2.0,C28830182_1_486,DD_0
C28888900,319.92857142857144,0.45950097755543273,0.6156099138952723,0.7464158181728099,0,0,14,1.0,3.0,C28888900,DD_0
C28932838_119_624,186.64285714285714,1.0178942944592715,0.5702875657145045,1.7848789902756648,0,0,14,1.0,3.0,C28932838_119_624,DD_0
C29007814,167.125,-0.038883674042140125,0.43689114861844436,-0.08900082815845485,0,0,8,1.0,2.0,C29007814,DD_0
C29034158,370.5882352941176,0.5972987604052947,0.5826533597758788,1.0251357009853155,0,0,17,1.0,3.0,C29034158,DD_0
C29127070,308.42857142857144,0.5273117557086308,0.3191307651825907,1.6523375783181833,0,0,7,1.0,2.0,C29127070,DD_0
C29135862,412.0,0.3071112105606356,0.2776743763354537,1.1060120656924417,0,0,6,1.0,2.0,C29135862,DD_0
C29140640,279.5833333333333,0.5896774971382265,0.6967197849643102,0.8463624973251377,0,0,12,1.0,3.0,C29140640,DD_0
C29209314,166.26666666666668,-0.4360495047311824,0.5116160164929394,-0.8522983852621434,0,0,15,1.0,3.0,C29209314,DD_0
C29286600_1_442,205.42857142857142,0.44845916832664784,0.25722120193217396,1.7434766844954754,0,0,7,1.0,2.0,C29286600_1_442,DD_0
C29351886,244.6,-0.7857423055761696,0.3138949517564621,-2.5032014729112118,0,0,5,1.0,2.0,C29351886,DD_0
C29364214_165_617,154.625,-0.8044650722977489,0.5096813726705979,-1.5783685954276905,0,0,8,1.0,2.0,C29364214_165_617,DD_0
C29375494,333.7241379310345,0.39355863651993306,0.7794863672587284,0.5048948295324098,0,0,29,1.0,4.0,C29375494,DD_0
C29452572,381.2,-0.22778385509610766,0.23906206594951446,-0.9528230846302962,0,0,5,1.0,2.0,C29452572,DD_0
C29507236,257.8333333333333,0.13927975295445405,0.26910173398021864,0.5175728557910085,0,0,6,1.0,2.0,C29507236,DD_0
C29533874,441.7142857142857,0.9562162359837204,0.4306846891989342,2.2202234255465765,0,0,7,1.0,2.0,C29533874,DD_0
C29564970_249_725,223.6,0.4011817403926953,0.47761934878765877,0.8399612398681396,0,0,5,1.0,2.0,C29564970_249_725,DD_0
C29574172,249.14285714285714,-0.4698252276146469,0.28481919197643,-1.6495560722380214,0,0,7,1.0,2.0,C29574172,DD_0
C29595834_300_732,151.0,-0.21082675621999583,0.4117828213186842,-0.5119853119293536,0,0,10,1.0,3.0,C29595834_300_732,DD_0
C29604342_223_733,227.6875,0.9647738017783482,0.5146622406757023,1.8745766165236688,0,0,16,1.0,3.0,C29604342_223_733,DD_0
C29631130,345.2,-0.17045235740762107,0.30531103337835325,-0.5582908534995193,0,0,5,1.0,2.0,C29631130,DD_0
C29732152,384.5,0.210543611738591,0.49942313712654807,0.42157360379809894,0,0,6,1.0,2.0,C29732152,DD_0
C29734756,183.16666666666666,0.34879086542329835,0.34083386200891486,1.0233456950770208,0,0,6,1.0,2.0,C29734756,DD_0
C29743692,427.8333333333333,0.12288358924753018,0.2642432420781944,0.4650396667899143,0,0,6,1.0,2.0,C29743692,DD_0
C29808844,415.125,0.49322223726948144,0.3143983647836264,1.5687811786455195,0,0,8,1.0,2.0,C29808844,DD_0
C29862258,496.6666666666667,0.5377311970341416,0.5884623751723267,0.9137902773761384,0,0,21,1.0,3.0,C29862258,DD_0
C29878276,324.0,-0.36145259267967206,0.4364327947635667,-0.8281975988433351,0,0,9,1.0,2.0,C29878276,DD_0
C29884124_1_726,463.57142857142856,0.5428153230457866,0.29386993860924626,1.8471277654825344,0,0,7,1.0,2.0,C29884124_1_726,DD_0
C29889474_271_809,326.125,0.48535774979454205,0.42885074189321304,1.1317638105320094,0,0,8,1.0,2.0,C29889474_271_809,DD_0
C29910824_1_428,233.0,0.06357131370091673,0.1854659027122172,0.3427655044472447,0,0,5,1.0,2.0,C29910824_1_428,DD_0
C29939146,353.2857142857143,-0.1771801284862622,0.6385030725523274,-0.277492992755711,0,0,21,1.0,3.0,C29939146,DD_0
C29951266,370.25,0.3732817795896616,0.33850710284140795,1.1027295334613576,0,0,8,1.0,2.0,C29951266,DD_0
C29967640_264_451,92.2,0.45646779070547877,0.33868543338302914,1.347763280357104,0,0,5,1.0,2.0,C29967640_264_451,DD_0
C30050444,120.0,1.484453935421631,0.4802674096312002,3.0908904199049254,1,0,6,1.0,2.0,C30050444,DD_0
C30175896,561.8,0.07401125924257004,0.1976143563491803,0.37452369660731405,0,0,5,1.0,2.0,C30175896,DD_0
C30190622_1_518,439.0,0.5740719074314373,0.4809590759409711,1.1935982418219178,0,0,10,1.0,3.0,C30190622_1_518,DD_0
C30193442,354.14285714285717,0.020520667278999108,0.2410383267922406,0.0851344578768446,0,0,7,1.0,2.0,C30193442,DD_0
C30216780,192.4,-0.28948090354091316,0.1799426421226343,-1.6087398746964405,0,0,5,1.0,2.0,C30216780,DD_0
C30226754_347_800,210.77777777777777,0.9250627438266618,0.7546866914027062,1.2257573299819087,0,1,27,0.23765728565289646,4.0,C30226754_347_800,DD_0
C30235538_129_971,606.56,4.329039246020424,0.795870226692338,5.439378306702149,1,1,25,0.22217864060085335,4.0,C30235538_129_971,DD_0
C30237180_1_597,39.42857142857143,-1.444922801462868,0.5209645155599982,-2.7735532043092856,0,0,7,1.0,2.0,C30237180_1_597,DD_0
C30241766,270.70588235294116,-0.28858375709997347,0.6537332717500413,-0.4414396047602655,0,0,17,1.0,3.0,C30241766,DD_0
C30247268_200_979,321.6923076923077,1.2809028627040164,0.5364174246128125,2.387884516668293,0,0,13,1.0,3.0,C30247268_200_979,DD_0
C30272442_1_410,269.0,-0.1338475152817071,0.3286313548744251,-0.4072877201046511,0,0,5,1.0,2.0,C30272442_1_410,DD_0
C30292738_1_748,570.75,0.26993056990361597,0.37331154126443983,0.7230705190344151,0,0,8,1.0,2.0,C30292738_1_748,DD_0
C30313522_1_709,357.3,0.22418280169606639,0.5294314371058295,0.42344066858132917,0,0,10,1.0,3.0,C30313522_1_709,DD_0
C30316842,625.2,0.2746764088593433,0.29261155191264515,0.9387066473074306,0,0,5,1.0,2.0,C30316842,DD_0
C30322182,815.875,0.0016787882808515925,0.2750784999596967,0.006102942545846227,0,0,8,1.0,2.0,C30322182,DD_0
C30330028,258.625,-0.6965489098703801,0.31032905452059,-2.2445494539544146,0,0,8,1.0,2.0,C30330028,DD_0
C30341250,397.05882352941177,0.3174956288989056,0.40225050134382734,0.7892982801468861,0,0,17,1.0,3.0,C30341250,DD_0
C30342218_568_1058,143.28571428571428,-0.7081328380271172,0.453684675926152,-1.5608480418289084,0,0,7,1.0,2.0,C30342218_568_1058,DD_0
C30348308,637.4,0.18215528841042666,0.39206868111847915,0.4646004569678474,0,0,5,1.0,2.0,C30348308,DD_0
C30355108_466_631,80.8,-0.10665788623246927,0.3594467458602651,-0.2967279227336016,0,0,5,1.0,2.0,C30355108_466_631,DD_0
C30355774,589.3333333333334,-0.25897277919555367,0.42026959485659937,-0.6162063170044886,0,0,6,1.0,2.0,C30355774,DD_0
C30356722_520_1073,234.6,0.3738945146469182,0.3863415956004578,0.9677821878480516,0,0,10,1.0,3.0,C30356722_520_1073,DD_0
C30369686,747.9090909090909,0.5748704045897945,0.4438895308295236,1.2950753839936233,0,0,11,1.0,3.0,C30369686,DD_0
C30371442_1_809,411.0,-0.2556243904877261,0.34090275346731197,-0.7498454849301682,0,0,5,1.0,2.0,C30371442_1_809,DD_0
C30372004_506_1039,188.16666666666666,0.4914487476154635,0.35808885170946525,1.3724212448093736,0,0,6,1.0,2.0,C30372004_506_1039,DD_0
C30377560,545.9090909090909,5.557959515636084,0.6618756644579198,8.397286399988866,1,2,11,0.0051797174903150615,3.0,C30377560,DD_0
C30387406_1_837,348.8333333333333,-0.013647560680037085,0.43616208320960426,-0.031290112564595726,0,0,6,1.0,2.0,C30387406_1_837,DD_0
C30402460,688.5714285714286,0.2648566082156391,0.3219866363880954,0.8225701885851046,0,0,7,1.0,2.0,C30402460,DD_0
C30415930_185_773,490.5,-0.27628796253002713,0.2969926935523516,-0.9302853858972973,0,0,6,1.0,2.0,C30415930_185_773,DD_0
C30421202_1_878,589.4285714285714,-0.5993504626831248,0.3704705922748276,-1.6178084716600294,0,0,7,1.0,2.0,C30421202_1_878,DD_0
C30422884,600.6666666666666,-0.2412830518937922,0.3021051011468987,-0.798672551300179,0,0,6,1.0,2.0,C30422884,DD_0
C30428742_452_1163,208.0,0.3636298953662698,0.42012265590880127,0.8655326968255795,0,0,5,1.0,2.0,C30428742_452_1163,DD_0
C30429948_123_1132,709.4,-0.407573644806533,0.47806810336443945,-0.8525430622503436,0,0,5,1.0,2.0,C30429948_123_1132,DD_0
C30436042_104_390,242.63636363636363,0.42502714984340584,0.3490966257696518,1.2175057518999228,0,0,11,1.0,3.0,C30436042_104_390,DD_0
C30436042_548_1174,141.08333333333334,0.49590421307658095,0.3308183197788557,1.4990228274180262,0,0,12,1.0,3.0,C30436042_548_1174,DD_0
C30437108,504.375,1.2198047578637015,0.48592299900907293,2.510284058073419,0,0,8,1.0,2.0,C30437108,DD_0
C30437236,566.3333333333334,-0.42742089329214283,0.4270250371163634,-1.000927009288384,0,0,9,1.0,2.0,C30437236,DD_0
C30447100,618.0,-0.06014877444736934,0.4074961134711957,-0.1476057622611437,0,0,7,1.0,2.0,C30447100,DD_0
C30463762_219_1114,640.5384615384615,-0.07367197759390087,0.3545733388801985,-0.20777641609086914,0,0,13,1.0,3.0,C30463762_219_1114,DD_0
C30476700_424_857,229.42857142857142,-0.7529945712691009,0.4868707355986816,-1.5466005989108784,0,0,14,1.0,3.0,C30476700_424_857,DD_0
C30476998,522.6,0.36167238959900916,0.3119208544371351,1.1595005093572577,0,0,5,1.0,2.0,C30476998,DD_0
C30483100,584.1428571428571,0.4009400865671402,0.35801278334387937,1.1199043867157898,0,1,7,0.06793465209301008,2.0,C30483100,DD_0
C30484284,580.5714285714286,3.247334780328341,0.763390212756647,4.253833394853235,1,0,21,1.0,3.0,C30484284,DD_0
C30484486,716.0,0.8175330747318846,0.30128051418178303,2.7135278793324527,0,0,5,1.0,2.0,C30484486,DD_0
C30489756,104.0,-0.5475290083657036,0.3312205947855184,-1.6530645043985128,0,0,5,1.0,2.0,C30489756,DD_0
C30490410_1_956,879.1666666666666,0.023445557478773166,0.3754660881586719,0.0624438750081341,0,0,6,1.0,2.0,C30490410_1_956,DD_0
C30493686_293_874,406.8333333333333,-0.38887782433468676,0.293757431385073,-1.3238059119087437,0,0,6,1.0,2.0,C30493686_293_874,DD_0
C30494380,422.54545454545456,0.7125710994902758,0.35490076546182064,2.007803783018136,0,0,11,1.0,3.0,C30494380,DD_0
C30497898_1_1221,718.5,-2.4845375896463633,0.867234592066668,-2.864896779227375,0,0,18,1.0,3.0,C30497898_1_1221,DD_0
C30499332,627.1666666666666,0.6503038879429047,0.26587442456584626,2.4459061416110406,0,0,6,1.0,2.0,C30499332,DD_0
C30500388_535_1160,406.75,-1.9600491308826875,0.725740856619461,-2.70075621760183,0,0,16,1.0,3.0,C30500388_535_1160,DD_0
C30501148,646.6666666666666,0.452007776629782,0.598024406148258,0.7558349993457012,0,0,12,1.0,3.0,C30501148,DD_0
C30503172_201_908,170.6,0.21003516438578373,0.28942780501840887,0.725691038469592,0,0,5,1.0,2.0,C30503172_201_908,DD_0
C30505822,746.2142857142857,0.1871811604501119,0.37263592878549295,0.5023164595539104,0,0,14,1.0,3.0,C30505822,DD_0
C30506808,706.8,0.32596985951689095,0.2535909523330432,1.2854159681879813,0,0,5,1.0,2.0,C30506808,DD_0
C30518170_1_681,437.25,1.2147284804699368,0.6144226486441753,1.9770242570817256,0,0,12,1.0,3.0,C30518170_1_681,DD_0
C30534838_675_1387,328.1666666666667,-0.02452703474494037,0.35953439771713896,-0.06821888225625865,0,0,6,1.0,2.0,C30534838_675_1387,DD_0
